0 1 619 1355 0.316319 0.0345852 -0.0108869 0.000346332 0.000994824 -0.183934 1
0 1 621 1357 0.08467 0.25321 0.0154101 0.000296503 -1.82155e-05 0.107303 1
0 1 622 1358 0.0375652 0.237457 0.000623829 0.00149456 0.00160959 0.0914842 1
0 1 623 1359 -0.135536 0.389716 0.0137078 0.00196955 -0.00361513 0.0141844 1
0 1 625 1361 -0.045258 0.333309 -0.0149173 0.00072691 0.000171993 -0.0543197 1
0 1 627 1363 -0.108668 0.28415 -0.00803725 0.000149773 -0.0023709 -0.0539915 1
0 1 628 1364 -0.0130347 0.239279 -0.00379742 0.000697538 -0.00104959 -0.0519684 1
0 1 629 1365 -0.0951442 0.159753 0.000514606 -0.00104923 -0.00224463 -0.0501715 1
0 1 630 1366 -0.0217586 0.15937 -0.00588655 6.07574e-05 0.000629714 -0.052998 1
0 1 631 1367 -0.0391267 0.132157 0.00362806 7.97294e-05 -0.00235428 -0.0861523 1
0 1 633 1369 0.0122288 0.105444 -0.0290307 0.0041247 0.00240549 -0.00709885 1
0 1 634 1370 0.0560282 -0.0620582 0.011884 0.000850328 -0.00105397 0.0810365 1
0 1 635 1371 -0.000675296 -0.0733829 0.00622937 0.000184369 -0.000577393 0.223257 1
