1 2 208 66 -0.140326 -0.040411 -3.72692 0.00144895 0.00187784 -0.00271471 1
1 2 210 67 -0.285565 -0.00517933 0.651474 0.00160103 0.003514 0.00312145 1
1 2 211 68 -0.199025 0.00823368 1.14965 0.00276744 0.00861144 0.00735075 1
1 2 212 71 -0.0389111 -0.075755 -6.80642 -0.00162599 0.000505342 0.0109137 1
1 2 213 72 0.100765 -0.14613 -6.74592 0.00384438 0.00273627 -0.00624735 1
1 2 215 72 -0.0596122 0.00832054 1.2396 -0.00335845 -0.00142795 -0.0026419 1
1 2 218 76 -0.126747 -0.0558787 -2.70178 -0.0013641 -0.00525531 0.00466477 1
1 2 219 77 -0.0887414 -0.0394256 -2.5888 0.00134086 0.00177922 0.00270569 1
1 2 220 78 -0.0946585 -0.045435 -2.49243 0.00093885 0.00167415 -0.00947379 1
1 2 221 79 -0.100553 -0.0290921 -2.07115 -0.00269183 0.00712344 0.00281977 1
1 2 222 79 -0.0107763 0.0146083 0.832557 0.00110452 0.00190225 -0.00167591 1
1 2 223 81 0.0133057 -0.0145336 -1.1443 -0.000840915 -0.000568888 -0.00264496 1
1 2 224 82 -0.130072 -0.00184123 -0.57889 0.00139931 -0.0206712 0.00160411 1
1 2 225 82 -0.364755 0.014477 1.78495 -0.00437262 -0.160382 -0.00903274 1
1 2 226 84 -0.201519 0.00873846 0.469355 -0.00333163 -0.0573495 -0.013818 1
1 2 227 86 -0.137908 -0.0133785 -0.94397 0.00154694 0.0965479 -0.00415304 1
1 2 228 87 -0.149873 0.0355981 -0.577605 0.00187823 0.0771774 -0.00601117 1
1 2 229 88 -0.017621 -0.0185493 -0.211911 -0.00357677 0.0398962 -0.00484661 1
1 2 230 89 -0.013903 -0.00262376 0.31902 -0.00532321 -0.00358758 -0.00931602 1
1 2 232 92 0.144772 0.00115336 -0.375678 -0.0012498 0.00319743 -0.00690728 1
0 2 100 92 -0.232835 0.00319137 -0.49403 0.00299042 -0.0170792 -0.000986938 1
0 2 101 92 -0.334336 0.00594252 1.79323 0.000705491 0.00796363 0.0116674 1
0 2 102 94 -0.343695 0.00147184 -0.601464 -0.00214712 -0.0581424 0.00503648 1
0 2 103 95 -0.450997 -0.00210218 -0.7763 0.00183891 -0.0873048 0.00180487 1
0 2 107 98 -0.208794 0.0311551 0.024218 0.00348757 0.0470217 -6.59809e-05 1
0 2 108 99 -0.153059 -0.0141412 -0.349625 -0.00141213 0.0144339 -0.000578033 1
0 2 109 100 -0.0747884 -0.00557564 -0.387963 -0.000362084 -0.00202596 0.000486673 1
0 2 110 101 -0.0792484 0.00988057 -0.450547 0.000918338 0.00770038 0.00183102 1
0 2 111 102 -0.0161703 0.00119053 -0.710986 -0.000325806 0.00696405 0.00310486 1
0 2 112 102 -0.0248668 -0.0302497 2.19848 -0.00244606 0.00554676 0.0031807 1
0 2 115 105 0.063367 -0.00184607 2.47492 0.00781326 0.00267611 0.00208032 1
0 2 117 107 -0.063142 0.0105014 1.80141 0.00669699 -0.00322244 0.00735656 1
0 2 119 109 -0.0182267 -0.00319895 0.0891392 0.00107194 0.000755273 0.00053293 1
0 2 120 110 -0.0186227 -0.0159869 -0.777947 0.0013058 -0.00165583 -0.00135552 1
0 2 121 110 -0.0473336 -0.0269169 2.50659 0.000837201 -0.00721288 0.00194692 1
0 2 123 111 -0.0188944 -0.0701024 4.67085 -0.00359012 0.00523214 -0.0012687 1
0 2 124 114 -0.26106 -0.085104 -4.68316 0.00245231 0.00422175 0.0179286 1
0 2 125 114 -0.0928084 -0.0425326 -1.28733 -0.00135119 0.0134276 0.00942523 1
0 2 127 116 -0.0819896 -0.0813922 -2.58545 0.00043057 -0.0065968 -0.000728276 1
0 2 128 116 -0.0411293 -0.0123896 -0.229214 -0.00116192 -0.0116419 0.00174475 1
0 2 133 120 -0.301717 -0.0202056 -0.383926 0.00079934 -0.00822158 0.00229197 1
0 2 134 120 -0.325637 -0.00519728 0.147368 -0.000485341 -0.0177269 0.00599657 1
0 2 135 121 -0.261483 -0.0187601 -0.533718 -0.00244553 0.0219115 0.00681152 1
0 2 136 121 -0.299144 0.00335278 0.33961 -0.0134469 0.00254182 0.00674675 1
0 2 137 122 -0.240646 -0.00231663 0.144057 -0.00359353 0.0190245 0.0014282 1
0 2 138 123 -0.199961 -0.00421267 0.338707 -0.00426677 0.0135143 0.00209055 1
0 2 139 123 -0.352993 0.0180605 1.48544 0.0029041 -0.129768 0.0149337 1
0 2 143 128 -0.0842225 -0.00277724 0.213668 0.000458795 -0.0238238 0.0019714 1
0 2 144 129 -0.0429063 0.0066728 -0.059053 0.00191175 0.013967 0.00364959 1
0 2 145 130 0.00883045 -0.00943354 -0.516927 0.00225556 0.0231935 4.48276e-05 1
0 2 146 130 -0.0697662 -0.0490338 2.34511 -0.0012232 -0.000829906 -0.00108664 1
0 2 147 132 0.0540922 -0.0213567 -1.47082 0.00220383 -0.0017008 -0.00293098 1
0 2 150 135 -0.0615027 -0.0608748 -3.92353 0.000939974 -0.00626957 0.00517895 1
0 2 152 136 -0.0524827 -0.0106826 -0.496866 0.00128104 -0.0113767 -5.93979e-05 1
0 2 154 138 -0.127341 -0.0491601 -1.98971 0.00130713 -0.0054993 0.00474644 1
0 2 155 139 -0.153298 -0.0677126 -2.69988 -0.00218203 0.0016136 0.00510802 1
0 2 160 143 0.00301858 -0.0426461 -2.30883 -0.000993589 6.91832e-05 -0.00136877 1
0 2 161 144 0.0231757 -0.0611009 -3.25363 -0.00127926 0.00494985 0.002275 1
0 2 163 145 0.0479417 -0.000494348 0.0171559 -0.00263129 -0.00194677 0.000510541 1
0 2 164 146 0.0290635 -0.010787 -0.69361 -0.00125509 -0.00192704 0.00273684 1
0 2 165 147 0.0115748 -0.0477529 -1.43561 -5.31173e-05 0.000405572 0.00185538 1
0 2 166 148 0.0297741 -0.064746 -2.14769 -0.000637392 -0.00307179 -0.00380688 1
0 2 170 151 -0.000527798 0.00250831 0.0338672 0.000495204 0.00158999 0.000296412 1
0 2 173 153 0.112884 0.0141059 1.96338 0.00140021 0.00783331 0.0018587 1
0 2 178 158 0.790527 0.0133134 -1.06422 -0.00101184 0.0886024 -0.00372245 1
0 2 180 159 1.59298 -0.0446368 0.567886 0.00323503 0.263035 -0.00823003 1
0 2 181 160 1.731 -0.0441087 0.98366 -0.00143379 0.232436 0.00794609 1
0 2 182 162 1.20804 -0.0357759 -0.0591642 -0.0018331 -0.133001 0.00462262 1
